-1648333205
IMG_20200519_194456
IMG_20200519_160344
-299008
-299008
-610096653
-610096653
-610096653
-610096653
964845834
1512122408
1207923067
1207923067
106684190
-2131980004
670425006
-1750159282
-1750159282
-853155204
431410714
mmexport1589983520877
2123702356
2123702356
-1283679941
-1283679941
12069026
12069026
12069026
-542807777
-542807777
-638356925
-638356925
-638356925
-966686087
-1094297566
-776887211
-776887211
2030335628
-1683052428
-1683052428
654279456
1219624630
841346435
-1939920053
-1563770153
-873980971
1083282934
282610766
282610766
282610766
-1274593152
-1321830590
589812934
589812934
589812934
26907440
-2021967241
-2021967241
-699729818
-699729818
-759929165
710424548
710424548
710424548
90128183
90128183
90128183
90128183
-815051120
-815051120
IMG_20200519_094235
936030183
-1859680201
-209063436
1265642477
1265642477
395127165
-40901926
-40901926
-1291571298
1857568663
mmexport1589983429743
-1380035327
-1380035327
1609111221
1609111221
681398207
IMG_20200519_101753
-987207533
-1085026246
IMG_20200519_160626
IMG_20200519_102156
-312630622
IMG_20200519_094103
IMG_20200519_094103
IMG_20200519_094103
-1416701467
IMG_20200519_094248
297183688
-1309258150
-1309258150
-1272261306
-1392235246
-1392235246
2069313866
IMG_20200519_160336
1321077496
1321077496
916075272
916075272
-1696989317
736554622
563898639
IMG_20200519_110249
mmexport1589983273147
mmexport1589983273147
mmexport1589983273147
mmexport1589983273147
IMG_20200519_094756
IMG_20200519_094756
258695518
258695518
258695518
258695518
258695518
812764501
IMG_20200519_160633
410608295
410608295
1037488834
1230359922
932559202
669694334
669694334
969710703
-740600313
-673433399
418209674
IMG_20200519_102403
-1342059128
-1342059128
1440252843
1440252843
1440252843
-378007104
-600443302
757589918
757589918
757589918
1114507869
IMG_20200519_102249
-939821146
-1002083643
-1002083643
501321303
501321303
-595431347
IMG_20190415_082725
IMG_20190415_082725
253740484
-650140314
619416492
619416492
IMG_20200519_195014
IMG_20200519_094217
IMG_20190306_153609
IMG_20190306_153609
-723732224
-132847313
1744784643
-1938522505
-1938522505
-380981457
-214600374
-1544286169
IMG_20200519_102303_1
IMG_20200519_102145
590724671
590724671
-165951192
-165951192
-165951192
IMG_20200519_195003
-1103818511
14113772
-846599396
-1856209707
399187060
-1947700504
-1947700504
-1464896821
450817738
450817738
-1064566054
5139609
5139609
-44489739
-44489739
-44489739
-44489739
IMG_20191214_114020_1
IMG_20191214_114020_1
-1852843025
979789672
979789672
326497200
941315814
724336546
mmexport1589983290220
mmexport1589983290220
mmexport1589983290220
mmexport1589983290220
1726642753
IMG_20200519_102124
512298539
512298539
689157126
IMG_20200519_102231_1
IMG_20200519_102231_1
385792988
385792988
IMG_20200519_102137
326607024
-2122508858
798210641
IMG_20200520_084904
312097003
106837650
-1371796511
-1371796511
-1371796511
284171736
-372356475
-1403005429
188689920
2060307247
2060307247
IMG_20200519_160114
576492126
-1491285796
-751606645
709394138
-540486502
-210305020
IMG_20190505_171842
IMG_20190505_171842
IMG_20190505_171842
336205648
336205648
336205648
1143671098
IMG_20200519_194459
327226936
-1502194987
-1502194987
-65419919
923095579
IMG_20200519_155957
1387756779
1387756779
1387756779
1387756779
-713893360
-1540424631
811655567
811655567
IMG_20200519_160319
IMG_20200519_160319
IMG_20200519_160319
-1520508170
-1520508170
-2041815895
432457589
432457589
IMG_20200519_154536
IMG_20200519_154536
IMG_20200519_160441
1412365484
1401079793
1401079793
-1666527318
2017297279
-1646011863
-640198782
307081113
307081113
-1347863847
-443943011
-443943011
1842714689
-2118485798
2028386409
2028386409
2028386409
176362050
176362050
-254083523
-254083523
-254083523
-254083523
-663957335
-1083888836
-14652884
1781123235
1781123235
-2002599194
1415564869
-296416918
2127545240
2127545240
2127545240
1255812262
338698656
IMG_20190815_170412
IMG_20190815_170412
-777431538
IMG_20191218_130054
1839883939
1839883939
1839883939
-600939024
-600939024
-600939024
1575703427
-556183664
mmexport1589983326246
-141822939
675691341
675691341
1845388975
IMG_20200519_194817
IMG_20200519_194817
1038320198
188476097
188476097
mmexport1589983449988
-1879549354
-1879549354
-708853373
-708853373
38774419
753079013
753079013
-1592474202
-1592474202
437758098
IMG_20190414_182749
IMG_20190414_182749
IMG_20190414_182749
IMG_20190414_182749
IMG_20190816_134254
IMG_20190816_134254
IMG_20190816_134254
IMG_20200519_094205
-972427708
394309617
mmexport1589983247120
IMG_20200519_102256
IMG_20200519_102131
897891567
-83008011
989550082
IMG_20200108_193704
IMG_20200108_193704
-139765892
-931977924
-549515449
1693315432
IMG_20190306_142416
IMG_20190306_142416
